DATA:
  IMAGE_SIZE: 256
  IN_CHANS: 1
  NUM_CLASSES: 4
  MEAN: 0.28328466976390165
  STD: 0.12623453327253753
TRAIN:
  EPOCHS: 100
  WARMUP_EPOCHS: 0
  LR: 3e-4
 
